060310
054620
211270
065770
079190
083450
095340
099520
060720
083470
052900
159910
091340
036540
057500
036490
051390
078890
192410
089890
049080
035460
151910
190510
101400
033640
087730
051980
092600
012340
085670
093640
039560
068240
078600
213420
077360
079960
094170
032960
005290
066670
066900
134580
043360
131180
171010
047440
109960
038060
082800
058470
197210
131100
098120
127160
096640
080420
149940
101330
033200
161570
095500
059090
064520
029480
208710
038460
046310
177350
033560
141000
090460
082920
093190
069540
072950
123260
065570
082660
037460
054090
027580
091580
042600
046890
093920
033790
081580
045300
043260
214310
121800
096690
067770
154040
039230
192440
028040
033170
025320
056000
086830
187270
108320
222800
036710
160980
099320
050890
115530
037340
036170
123860
058220
052710
149950
143160
060570
040910
068940
052860
038880
101390
226350
114810
059100
119830
059120
023890
096610
061040
148250
117670
131400
102120
121890
097780
101490
095910
036500
060540
096630
039440
052020
058610
200710
088800
045660
224110
089530
073570
214870
086520
073540
036810
092870
054340
096870
061970
138690
066970
073110
083310
037950
170920
097520
032790
033160
090740
143540
122640
080520
052420
138080
080580
123010
082210
109080
122990
155650
193250
115440
046970
153490
052270
065680
240810
104830
030530
101160
095270
097800
036200
086390
078070
069330
049520
084370
178780
191410
060230
073490
088390
041520
054210
115610
067010
094190
091120
039030
096040
024810
037330
083640
049070
051370
064290
175140
058450
174880
049630
217190
033100
090470
094970
089790
080220
041590
036930
155960
114570
050110
105330
032500
089010
224060
036690
048870
038530
033290
056360
121850
015710
052330
066310
043590
114120
219130
072520
123100
182690
095610
131970
089030
054450
091440
200230
051360
057880
052290
064760
131290
062860
084730
043200
047310
170790
049120
038950
106240
131760
091700
094940
053610
060910
032580
024850
031980
087600
067310
200470
106080
066980
054040
078350
064090
077280
066110
076610
048410
039010
092300
064240
050090
115160
052220
046440
035600
036030
043610
086960
060250
049470
184230
066270
079940
094480
063080
139050
215000
121440
072770
095660
153460
139670
041140
040160
222810
119860
064260
020180
045390
192080
194480
030350
108860
033130
042510
067730
042500
067280
100030
213090
207760
214180
035620
104200
026260
064480
032850
143240
123420
053110
052190
070300
094840
131090
010280
127710
078860
052460
124500
067160
053800
131370
085810
205500
052790
038680
050320
205100
208860
206400
069410
058630
053280
053980
049480
057680
052770
069080
112040
136540
089850
032620
067920
053350
065440
080010
047560
223310
033230
041020
071200
045510
101730
067000
051160
115450
111820
094360
035720
066410
078340
192250
115500
089150
093320
052400
094860
040350
065560
038540
045340
079970
150900
194510
189690
075130
023770
064800
041460
053300
030520
047080
081970
070590
046110
054920
026180
060720
083470
091340
049080
151910
190510
012340
085670
068240
078600
079960
032960
066670
066900
047440
131100
096640
080420
101330
033200
095500
208710
033560
090460
082920
082660
054090
027580
091580
042600
093920
081580
043260
067770
154040
192440
025320
086830
187270
115530
052710
149950
101390
114810
059100
023890
131400
097780
095910
096630
052020
058610
086520
054340
066970
073110
037950
097520
090740
052420
082210
155650
193250
052270
065680
095270
069330
049520
178780
191410
060230
088390
041520
054210
094190
091120
024810
037330
049070
051370
058450
049630
033100
094970
041590
155960
050110
105330
089010
033290
121850
114120
072520
052290
043200
047310
049120
106240
131760
091700
060910
106080
066980
054040
076610
092300
050090
060310
054620
211270
130960
035760
065770
079190
083450
028150
052220
095340
099520
046440
035600
060720
083470
122450
052900
058400
036030
043610
159910
086960
060250
091340
036540
049470
184230
057500
036490
066270
040300
051390
079940
078890
192410
094480
063080
139050
089890
215000
121440
049080
035460
151910
190510
036800
072770
095660
101400
153460
033640
087730
139670
051980
092600
041140
040160
012340
085670
222810
119860
064260
093640
039560
068240
020180
045390
078600
192080
213420
077360
194480
079960
094170
032960
005290
030350
066670
066900
134580
108860
043360
033130
131180
042510
171010
047440
067730
109960
038060
082800
058470
197210
131100
042500
098120
127160
067280
096640
080420
149940
100030
101330
033200
161570
095500
213090
207760
059090
214180
035620
064520
029480
208710
038460
046310
104200
177350
026260
064480
033560
141000
090460
082920
032850
093190
069540
072950
143240
123260
065570
082660
037460
054090
027580
091580
042600
046890
093920
033790
123420
081580
045300
043260
214310
121800
096690
036630
067770
053110
052190
070300
154040
039230
094840
192440
028040
033170
025320
131090
056000
086830
187270
108320
222800
036710
160980
010280
099320
050890
066790
115530
037340
036170
123860
058220
052710
149950
127710
143160
060570
040910
068940
052860
038880
101390
226350
078860
114810
059100
052460
119830
124500
059120
023890
067160
053800
131370
096610
061040
148250
085810
117670
205500
052790
131400
102120
038680
121890
097780
050320
101490
095910
036500
060540
096630
039440
052020
058610
200710
088800
045660
224110
089530
073570
214870
086520
073540
036810
205100
092870
054340
208860
206400
069410
096870
061970
138690
066970
073110
083310
037950
170920
058630
097520
032790
033160
090740
143540
053280
122640
080520
053980
052420
138080
080580
049480
057680
123010
082210
109080
052770
122990
155650
193250
115440
046970
153490
052270
065680
240810
104830
030530
101160
095270
069080
112040
136540
097800
036200
086390
089850
032620
078070
069330
049520
084370
178780
191410
060230
067920
073490
088390
053350
041520
054210
065440
115610
080010
047560
067010
223310
094190
091120
039030
096040
024810
033230
037330
083640
049070
051370
064290
175140
115310
039290
041020
071200
058450
174880
049630
065530
045510
217190
033100
090470
094970
089790
080220
041590
101730
067000
036930
155960
114570
051160
115450
111820
094360
035720
066410
050110
078340
192250
115500
089150
093320
105330
039420
032500
089010
052400
094860
224060
036690
048870
038530
033290
056360
121850
015710
052330
040350
065560
066310
043590
114120
219130
072520
123100
182690
095610
131970
089030
038540
054450
091440
200230
051360
045340
057880
079970
052290
033830
064760
131290
062860
084730
043200
150900
047310
170790
049120
038950
106240
131760
091700
194510
189690
094940
053610
060910
075130
023770
032580
024850
031980
087600
064800
067310
200470
106080
066980
039340
063570
041460
053300
025770
054040
030520
052600
047080
081970
070590
078350
064090
046110
054920
077280
066110
076610
048410
026180
039010
092300
064240
050090
115160
021320
044180
060370
066620
036190
091590
025950
013120
042940
002290
011370
035890
011560
017000
038870
054940
074150
046940
016250
001840
078940
094820
068150
026150
024940
090730
089230
024840
039240
026910
060480
053260
069140
020400
048470
004780
096350
140520
021040
021045
090410
100130
005160
060380
109860
023790
033310
006910
008470
100090
018310
009620
054540
073640
017480
014620
017510
087220
049830
138070
122800
037760
109610
007530
019210
012620
114190
192390
039020
065620
147830
023440
038010
024880
054410
101670
009730
023160
053620
044490
081150
119500
009520
093380
128660
013030
025550
099660
079170
053660
023460
204840
225430
230980
019550
207930
219550
206660
219580
227950
223040
019660
027830
217270
232140
215480
204440
215580
226440
230490
021880
215750
239340
225590
203650
226340
021080
207720
198440
215790
217810
218410
225570
220260
019590
041190
204620
219960
221200
215090
217600
225440
078020
208140
019570
208350
214270
222390
232270
204650
214150
220630
016600
218710
226850
038160
007330
230240
208370
208870
215100
218150
235010
205470
217500
222080
240540
023760
217620
215380
214680
219860
221950
226360
204760
068790
078150
048770
098460
051490
089140
126870
008830
088130
104460
109740
090710
196490
101000
079810
105740
090360
141070
049950
083650
086670
100660
019770
084180
099440
013810
051170
136510
083930
050860
053810
019990
041440
103230
056190
080000
160600
007820
043340
044780
071670
217820
095300
036560
101170
076080
036090
018000
195990
056080
095190
058530
079950
158310
068330
079370
054950
126880
082270
044060
036890
073010
080530
065130
108230
033540
054300
137400
101680
053590
123840
039610
086250
010240
032040
032860
030190
036120
217730
049720
089600
130580
168330
042420
144510
127120
068930
187220
084650
141080
038390
060240
038290
072870
215200
133750
140410
080160
084990
142760
086040
037350
039310
035610
020710
001000
225330
047920
054800
185490
196170
067630
230360
180400
050540
039830
046120
010470
057030
067900
066430
054930
123570
090850
092130
060150
035080
043910
040420
095700
036420
109820
094850
096240
045970
029960
115180
083790
022100
024660
034950
045100
034810
028080
037440
073190
043710
066910
003800
194610
026040
004590
052220
043610
063080
095660
041140
064260
192080
194480
030350
033130
067280
207760
035620
104200
123420
053110
052190
127710
131370
205500
052790
058630
057680
052770
069080
112040
047560
101730
067000
066410
078340
194510
023770
047080
060310
054620
083450
095340
052900
159910
036540
057500
036490
089890
101400
033640
087730
092600
093640
213420
077360
094170
005290
171010
038060
082800
058470
197210
098120
127160
059090
064520
177350
141000
072950
123260
046890
045300
214310
039230
033170
108320
222800
036710
160980
036170
123860
040910
052860
038880
119830
059120
096610
117670
102120
101490
036500
039440
200710
089530
073570
036810
092870
096870
061970
138690
083310
170920
033160
143540
122640
080520
080580
123010
122990
153490
240810
104830
030530
101160
097800
036200
086390
084370
115610
039030
064290
217190
090470
089790
080220
036930
114570
224060
048870
066310
043590
219130
123100
182690
095610
131970
089030
054450
064760
131290
062860
053610
032580
024850
031980
087600
067310
200470
078350
077280
130960
035760
028150
122450
058400
040300
066790
033830
039340
006050
075970
038500
228340
006920
079650
222420
074600
023410
003670
008800
060560
130500
017680
032080
030270
098660
008290
065950
033340
065060
047770
011080
046440
035600
086960
060250
049470
184230
094480
215000
121440
072770
153460
139670
040160
222810
045390
108860
042510
100030
213090
214180
032850
070300
131090
078860
067160
053800
085810
205100
208860
206400
069410
136540
089850
032620
067920
053350
065440
223310
041020
071200
051160
115450
094360
192250
052400
094860
065560
045340
079970
150900
189690
041460
053300
030520
081970
054920
035900
160550
046140
048550
048910
206560
060300
035480
046390
086980
099830
025980
041510
173940
122870
036260
058420
047820
182360
054780
034230
032800
068050
204630
052300
032280
003100
024800
024120
040610
024910
014200
090150
053270
212560
085910
073070
104040
108380
005710
099410
078590
113810
122350
053700
012860
122690
015750
080470
053060
024830
080440
067390
013310
123750
028300
038110
067570
123040
014940
065500
031510
067170
215360
072470
066590
011320
088290
033600
101930
019540
054180
013720
071850
064820
046070
123410
130740
043370
221840
092460
024740
102210
170030
126640
134780
051500
037370
065150
099220
019010
058370
065170
032190
007720
131220
067990
050120
039980
012700
038340
093520
065650
036620
024950
038070
006730
063170
032680
032685
060590
013990
074430
069920
023430
031310
065420
031330
054630
031860
043580
036180
032940
014190
043220
038620
142210
108790
159580
033320
000440
016920
083550
033430
060280
051780
214450
043090
016670
141020
051380
039740
024060
043650
007390
222040
003310
088910
005990
025870
092040
009780
035810
018120
086060
004650
025880
027710
005670
023900
136480
222980
005860
002680
189980
039860
137940
039840
106520
228850
085370
041920
058110
043150
100120
065450
053450
043100
115480
099190
048260
057540
056090
033110
041830
119610
150840
196450
043290
078650
104540
049430
046210
140860
002230
006140
149980
126700
065510
036030
066270
079940
119860
026260
143240
053280
080010
111820
035720
093320
032540
025440
071460
010170
045890
071280
014470
054220
042370
111870
032750
027040
189860
065710
236200
065350
036010
214430
056730
042110
069510
032820
082850
037400
044340
048430
017250
119850
018290
225650
105550
177830
037070
053160
237750
131390
066130
043360
131180
161570
038460
093190
096690
028040
056000
060570
068940
148250
121890
045660
224110
032790
067010
096040
052330
051360
094940
066110
048410
058820
067290
114450
053950
011040
014570
138610
031390
142280
078140
036480
054670
023910
067080
086450
131030
086900
078160
059210
206640
053030
064550
200780
009300
000250
018680
100700
049180
068270
068760
012790
049960
096530
001540
065660
041910
237690
182400
039200
018620
044960
086890
048530
187420
052670
034940
072020
007370
085660
214370
041960
166480
102940
200130
191420
066700
222110
087010
203690
106190
042520
061250
200670
243070
084110
145020
058820
083660
068790
078150
036640
067290
024120
036670
114450
024940
040610
090730
178920
052260
089230
032540
048770
024840
039240
053950
011040
024910
014570
098460
014200
026910
090150
053270
043650
006050
060480
078130
053260
130500
187790
121600
039860
091970
051490
138610
212560
085910
092730
007390
073070
089140
137940
031390
142280
069140
126870
060260
222040
053290
020400
008830
048470
004780
017650
078140
036480
025440
104040
108380
006580
005710
071460
120240
003310
065690
096350
140520
010170
054670
023910
021040
021045
067080
090410
017680
100130
005160
075970
086450
099410
045890
033500
088130
041930
038500
060380
228340
104460
088910
109860
023790
025900
078590
073190
109740
090710
131030
196490
092070
101000
039840
079810
113810
106520
033310
105740
171120
228850
090360
016170
071280
085370
016100
005990
141070
041920
086900
078160
059210
058110
006920
001810
049950
206640
053030
064550
032980
043150
014100
006910
014470
008470
100120
200780
083650
086670
054220
042370
065450
100090
122350
014970
018310
053700
009620
023600
111870
009300
054540
073640
032750
000250
017480
089980
079650
100660
012860
019770
043710
027040
018680
189860
122690
065710
014620
015750
080470
053060
017510
100700
024830
080440
053450
049180
068270
068760
066910
043100
036830
084180
236200
099440
115570
087220
013810
039670
049830
025870
065350
012790
138070
056700
051170
122800
208640
222420
037760
136510
049960
115480
096530
101240
092040
083930
036010
050860
067390
099190
214430
053810
032080
013310
056730
001540
065660
123750
030960
019990
041440
030270
042110
103230
112240
056190
080000
160600
007820
109610
069510
041910
098660
237690
050760
043340
003800
138360
035290
028300
044780
071670
182400
038110
063440
065160
067570
217820
095300
048830
009780
123040
115960
007530
036560
036000
045060
014940
065500
039200
031510
048260
067170
057540
019210
079000
114630
032820
215360
072470
082850
037400
101170
194610
066590
018620
074600
012620
008370
008290
065950
114190
076080
196700
039790
044340
036090
192390
044480
018000
011320
048430
056090
195990
023410
056080
044960
039020
033110
086890
102710
095190
088290
033600
035810
058530
134060
041830
079950
119610
158310
017250
150840
048530
101930
068330
019540
049550
022220
065620
187420
123330
147830
079370
054950
137950
026040
126880
033050
052670
023440
038010
082270
044060
034940
033340
072020
054180
119850
065060
018290
018120
086060
036890
007370
196450
085660
004650
013720
071850
214370
221980
043290
025880
065940
073010
064820
024880
042040
054410
046070
047770
080530
078650
104540
027050
101670
123410
049430
041960
009730
069110
166480
102940
126600
200130
225650
045520
065130
023160
053620
044490
191420
066700
108230
105550
104480
081150
130740
046210
033540
177830
037070
140860
027710
054300
222110
060900
087010
043370
119500
009520
003670
005670
093380
023900
035200
203690
053160
237750
131390
002230
137400
128660
006140
136480
149980
013030
126700
221840
106190
066130
004590
222980
025550
017890
101680
021650
053590
037230
092460
099660
221610
042520
024740
005860
123840
007770
061460
079170
002680
102210
008800
170030
053660
011080
060560
039610
126640
086250
061250
134780
097870
200670
065510
243070
084110
145020
010240
189980
078130
017650
006580
025900
001810
014970
023600
045520
037230
053290
016170
039670
208640
030960
035290
063440
036000
134060
033050
139050
020180
067730
042500
064480
094840
010280
052460
124500
038680
050320
053980
049480
033230
045510
115500
089150
040350
038540
075130
064800
070590
046110
026180
130960
035760
028150
122450
058400
040300
036800
036630
066790
115310
039290
065530
039420
033830
039340
063570
025770
052600
036800
036630
115310
039290
065530
039420
063570
025770
052600
211270
065770
079190
099520
051390
078890
192410
035460
051980
039560
134580
109960
149940
029480
046310
069540
065570
037460
033790
121800
099320
050890
037340
058220
143160
226350
061040
060540
088800
214870
073540
138080
109080
115440
046970
078070
073490
083640
175140
174880
032500
036690
038530
056360
015710
091440
200230
057880
084730
170790
038950
064090
039010
064240
115160
083660
036640
036670
178920
052260
187790
121600
091970
092730
060260
120240
065690
033500
041930
092070
171120
016100
032980
014100
089980
036830
115570
056700
101240
112240
050760
138360
065160
048830
115960
045060
079000
114630
008370
196700
039790
044480
102710
049550
022220
123330
137950
221980
065940
042040
027050
069110
126600
104480
060900
035200
017890
021650
221610
007770
061460
097870
151860
950110
900070
054050
900100
900260
018700
225530
900120
900080
950130
900180
073560
900130
900110
053050
900040
900090
900250
900270
