006360
013580
004200
002990
002995
013700
001260
000210
000215
047040
005960
005965
028100
011160
002410
001470
001880
010960
005980
034300
005450
039570
023960
013360
013367
002780
002787
002785
003070
003075
009410
009415
014790
004960
051600
097230
000720
000725
012630
002460
138930
139130
001500
175330
105560
002550
030210
005940
005945
001510
001515
001290
192530
030610
024110
003540
003547
003545
016610
005830
082640
000400
088980
138040
008560
000060
006800
006805
085620
037620
001270
001275
032830
016360
029780
000810
000815
001720
001725
055550
033660
000030
010050
003470
003475
001200
003460
003465
006220
021960
003690
039490
086790
071050
071055
123890
034830
001750
001755
088350
000370
003530
003535
003450
001450
000540
000547
000545
119650
079550
100840
009160
077970
071970
012200
012205
092440
007460
015590
000490
006570
058730
002900
082740
042670
034020
210540
004380
004450
091090
145210
017550
104120
104110
112610
085310
017370
049800
074610
120030
009310
012600
010820
025890
017960
042700
011700
018880
017800
010660
000850
008870
005750
004440
001520
001527
001529
001525
014580
007210
011390
005090
004980
004987
004989
004985
047400
003410
003419
003415
183190
010780
000910
001560
000480
152330
004870
010040
004090
002000
002005
003300
006390
095570
068400
006840
001040
079160
001045
037560
000590
004840
114090
078930
078935
003560
096760
009440
001940
092230
058850
003550
003555
006260
035420
181710
034310
036530
034120
101060
025530
034730
210980
03473K
096770
096775
037270
035250
011420
140910
005720
005725
000320
000327
000325
005250
005255
005257
072710
023590
020120
019680
019685
084690
084695
005620
016710
003090
012510
002150
012030
083350
083360
083370
083380
083390
102260
000640
030790
000150
000157
000155
013570
032350
007120
155900
100220
018260
028050
068290
000070
000075
007860
000180
002420
058650
053210
035510
031440
006880
002790
002795
002030
083570
083580
083590
083600
083610
083620
012750
036570
009970
070960
016880
095720
000700
072130
214320
015020
084680
015860
030000
001630
035000
100250
145270
058860
090970
090980
090990
091000
044820
002020
002025
021240
031820
078000
140890
010770
017810
005810
039130
172580
139200
153360
159650
000140
000145
006200
023350
024720
000240
060980
053690
008930
016450
004150
052690
130660
003480
180640
18064K
015540
126560
094280
001460
001465
155660
007700
093050
084870
000050
002070
001070
016090
001530
003610
011300
005800
009270
009275
102280
090370
005820
014990
003200
008500
000950
007980
020000
105630
093240
000040
064960
003570
001380
123700
214330
000270
009320
042660
000430
000300
002880
015230
024900
001620
018500
016740
092200
204320
009680
005030
006660
010140
010145
023000
041650
075180
200880
021820
033530
075580
003620
005850
012280
002920
023800
023810
013870
010580
033250
004100
004105
001420
090080
010100
047810
012450
064350
012330
010620
011210
009540
005380
005387
005389
005385
013520
010690
000120
009070
044450
001140
003490
003495
005880
004140
084670
004360
004365
020560
129260
089590
000650
028670
005430
009180
014130
002320
117930
086280
011200
003280
027410
017940
001250
007070
001120
000680
004060
018670
001740
001745
011810
009810
037710
005320
004270
006370
128820
026960
023530
071840
005360
028260
02826K
002810
013000
067830
005390
004170
031430
002700
004080
004920
122900
101140
138250
069640
111770
010600
118000
008600
077500
139480
093230
000760
006490
007110
226320
088790
011000
012170
047050
123690
009240
010420
005110
027390
005440
069960
011760
227840
057050
003010
008770
008775
081660
011150
011155
097950
097955
023150
002140
003920
003925
004370
001680
001689
001685
001790
001799
001795
001130
049770
004990
005300
005305
002270
027740
033920
000890
005180
003960
008040
014710
079660
005610
145990
145995
003230
007540
248170
004410
004415
136490
007310
001800
006980
002600
005740
005745
036580
000080
000087
003680
101530
003160
025560
105840
029460
001060
001067
001065
068870
068875
214390
009290
002720
006280
069620
003220
002210
170900
000020
017180
003850
003000
001360
000520
005500
003060
019170
019175
002250
003520
002630
004720
033270
000220
000225
000227
000100
000105
102460
000230
003120
007570
007575
002620
185750
063160
005690
002390
128940
009420
004310
016580
012320
117580
015350
004690
017390
015360
034590
071320
036460
015760
092220
034220
011070
066570
066575
010120
000660
000500
009450
009140
017040
017900
001210
110570
004130
004135
008060
008110
006340
006345
001440
000990
000995
026890
006400
006405
009150
009155
005930
005935
005680
009470
011230
001820
007610
014910
014915
004490
029530
011930
004770
008700
007630
015260
103130
011690
007660
020760
020150
103590
033240
044380
007815
007810
00781K
192400
019180
033180
019490
025540
004710
195870
005870
109070
004540
004545
014160
012690
009580
009200
009770
002820
027970
002200
016590
002870
002310
006740
008250
011280
001020
002300
007190
007197
213500
025750
009460
069730
008260
005490
002710
010130
002240
014280
014285
008350
008355
009190
012800
084010
069460
001230
016380
016385
008970
004890
002690
024090
001080
008420
026940
006110
021050
001430
003030
019440
001770
001780
000670
012160
025820
018470
058430
103140
071090
000970
104700
007280
002220
004560
004565
004020
133820
032560
005010
030200
032640
017670
002380
001390
083420
025000
051900
051905
108670
108675
051910
051915
004250
004255
010060
010950
010955
002360
011790
006120
006125
024070
000860
002100
012610
007690
014530
001570
011780
011785
073240
025860
002350
002355
090350
090355
024890
006650
003830
004830
004835
008000
023450
007590
005190
007340
014820
014825
163560
115390
004000
011170
002840
107590
134380
003650
001340
035150
002760
003720
000390
008490
003080
004430
090430
090435
161000
078520
014440
014830
008730
005950
081000
004910
001550
003780
010640
051630
006380
192820
005070
005420
144620
120110
120115
138490
015890
006890
003240
214420
002960
161890
161390
003350
011500
014680
000880
000885
009830
009835
089470
011720
006060
004800
093370
079980
069260
033780
003580
006040
030720
094800
096300
004740
007160
006090
002170
002450
004970
011090
011330
194370
025620
004700
900050
900140
071950
134790
016800
099340
099350
152550
168490
079430
